start=84.502000
speed=4.000000
