start=2842.542000
volume=116.000000
sid=1
