start=196.781000
ab-loop-a=68.741000
